-2 -2 21 7 -0.023981 -5.322531 1.727131
-2 -4 21 7 1.040069 -5.138573 1.797725
-2 -6 21 7 1.035344 -2.259831 1.772449
-2 -8 21 7 0.527669 -5.555206 2.014889
-2 0 21 7 0.061220 -1.863725 1.679803
-2 2 21 7 0.694634 -1.325552 4.627592
-2 4 21 7 0.431016 -6.802329 6.553437
-2 6 21 7 0.007842 -22.173205 -0.353528
-2 8 21 7 0.244291 -57.541800 -1.552049
-4 -2 21 7 2.447055 -2.765305 1.561043
-4 -4 21 7 0.883013 -4.452400 1.721891
-4 -6 21 7 1.064597 -2.537531 1.864810
-4 -8 21 7 1.764467 -1.589738 5.698997
-4 0 21 7 1.410889 -5.276134 1.275778
-4 2 21 7 -0.005110 -7.351699 2.116240
-4 4 21 7 -1.471550 -11.460010 0.643972
-4 6 21 7 -1.135533 -29.813367 -0.505687
-4 8 21 7 -0.670454 -54.915944 -2.343840
-6 -2 21 7 1.645017 -3.723703 1.396223
-6 -4 21 7 0.448738 -4.414994 1.641247
-6 -6 21 7 4.355597 -0.826517 0.819812
-6 -8 21 7 1.651538 -4.239827 5.967767
-6 0 21 7 1.103914 -11.123015 -1.688812
-6 2 21 7 -1.508230 -11.376234 0.657876
-6 4 21 7 -1.221220 -27.554537 -1.069429
-8 -2 21 7 1.702300 -8.272387 4.060522
-8 -4 21 7 3.273127 -1.385886 0.821500
-8 -6 21 7 3.313837 -7.627199 0.972095
-8 -8 21 7 3.458279 -1.694928 1.623310
-8 0 21 7 1.666608 -28.566765 0.423666
-8 2 21 7 2.311322 -21.473541 1.121486
0 -2 21 7 0.920966 -4.009916 2.621842
0 -4 21 7 1.564294 -3.740508 1.899850
0 -6 21 7 2.123722 -3.217534 5.110232
0 -8 21 7 2.000094 -1.848919 1.539733
0 0 21 7 1.047478 -5.322190 6.188582
0 2 21 7 -1.686697 -4.571562 1.839570
0 4 21 7 -1.330066 -3.955269 1.601916
0 6 21 7 1.554499 -15.467422 1.495864
0 8 21 7 -0.686272 -17.071847 0.312803
2 -2 21 7 2.611040 -4.018339 2.075465
2 -4 21 7 3.182809 -1.811439 -8.110863
2 -6 21 7 2.902695 -2.211792 -1.982018
2 -8 21 7 3.842455 -2.625366 3.801245
2 0 21 7 3.133686 -4.130534 1.773818
2 2 21 7 1.154662 -4.604577 6.267277
2 4 21 7 3.030194 -1.691481 5.188197
2 6 21 7 3.313391 -8.704836 0.558850
2 8 21 7 3.680767 -23.137424 -0.368739
4 -2 21 7 1.563613 -1.767616 3.583443
4 -4 21 7 1.817708 -2.820365 2.404887
4 -6 21 7 2.150501 -2.290360 4.261431
4 -8 21 7 -1.055784 -29.519106 8.455507
4 0 21 7 0.737779 -5.380500 2.179340
4 2 21 7 1.560579 -1.967744 3.758383
4 4 21 7 0.713242 -5.213623 5.504331
4 6 21 7 3.136259 -1.368398 1.435732
4 8 21 7 -0.273062 -3.354902 1.462039
6 -2 21 7 2.929522 -2.473256 1.556848
6 -4 21 7 1.753685 -7.463732 2.286483
6 -6 21 7 2.294045 -8.096782 2.693475
6 -8 21 7 1.944245 -21.206838 3.794663
6 0 21 7 2.740622 -2.318302 1.712928
6 2 21 7 1.380163 -3.381127 5.284638
6 4 21 7 1.323154 -5.358170 5.691485
6 6 21 7 2.965247 -2.767500 1.682241
6 8 21 7 1.562969 -1.933821 1.757411
8 -2 21 7 2.763001 -3.003577 2.343703
8 -4 21 7 2.531598 -7.096958 1.978648
8 -6 21 7 1.717624 -21.601054 9.443519
8 -8 21 7 2.536287 -32.330470 5.505921
8 0 21 7 3.935319 -3.691341 1.562412
8 2 21 7 1.212291 -2.440784 4.467135
8 4 21 7 1.918581 -2.456565 5.163757
8 6 21 7 2.281212 -3.181001 5.764165
8 8 21 7 2.622316 -3.927550 3.748666
