1 -2 -2 0 0 2.479426 17.395106 8.777559
2 -2 -4 0 1 -1.430749 15.948521 12.717656
3 -2 -6 0 2 -3.446134 15.494321 8.668562
4 -2 -8 0 3 -4.205819 17.440766 12.638032
5 -2 0 0 4 2.801522 18.051290 13.320726
6 -2 2 0 5 5.240073 14.462959 13.934069
7 -2 4 0 6 7.091260 6.999287 13.977049
8 -2 6 0 7 8.523529 -3.588913 12.563970
9 -2 8 0 8 9.551323 -48.486331 13.589581
10 -4 -2 1 0 2.263231 15.690976 12.441816
11 -4 -4 1 1 0.690371 15.759182 13.094122
12 -4 -6 1 2 -0.852029 17.533949 8.712482
13 -4 -8 1 3 -3.314629 19.056571 12.510190
14 -4 0 1 4 5.057503 13.944255 12.533415
15 -4 2 1 5 6.653488 11.983526 14.127235
16 -4 4 1 6 11.117723 -24.329411 12.375880
17 -4 6 1 7 10.024925 -19.573175 12.788545
18 -4 8 1 8 false detection

19 -6 -2 2 0 4.455585 14.567145 12.424602
20 -6 -4 2 1 4.367266 14.654521 8.542991
21 -6 -6 2 2 2.411807 18.421467 8.625534
22 -6 -8 2 3 -0.614055 16.936190 8.733226
23 -6 0 2 4 6.764839 7.836820 13.820589
24 -6 2 2 5 10.051315 -24.396121 9.489797
25 -6 4 2 6 9.778525 -38.335692 -5.419462
26 -6 6 2 7 false detection

27 -6 8 2 8 false detection

28 -8 -2 3 0 5.931807 11.618874 10.140077
29 -8 -4 3 1 4.384713 14.882912 13.175704
30 -8 -6 3 2 2.597080 18.966470 13.289576
31 -8 -8 3 3 2.496740 15.108877 11.560469
32 -8 0 3 4 8.360562 -6.234670 11.225405
33 -8 2 3 5 10.192863 -22.877155 14.816642
34 -8 4 3 6 false detection

35 -8 6 3 7 false detection

36 -8 8 3 8 false detection

37 0 -2 4 0 -1.805127 15.773556 12.330971
38 0 -4 4 1 -3.500946 15.798560 12.651786
39 0 -6 4 2 -5.899404 14.841581 9.383242
40 0 -8 4 3 -7.603806 17.772496 12.485185
41 0 0 4 4 0.885543 15.903370 13.133960
42 0 2 4 5 4.294505 16.166703 10.911481
43 0 4 4 6 5.072750 13.931552 13.816276
44 0 6 4 7 6.772135 11.570502 10.463500
45 0 8 4 8 8.721927 -3.179622 11.138630
46 2 -2 5 0 -3.521476 15.467843 12.101700
47 2 -4 5 1 -4.334834 17.610719 12.397775
48 2 -6 5 2 -6.477674 18.807675 12.588986
49 2 -8 5 3 -9.253785 14.184884 13.288180
50 2 0 5 4 -0.588465 16.162540 12.822510
51 2 2 5 5 1.543708 15.874088 13.337279
52 2 4 5 6 3.749926 15.152558 13.648401
53 2 6 5 7 5.290277 13.708318 11.371010
54 2 8 5 8 8.702357 -4.080513 15.832904
55 4 -2 6 0 -5.333639 15.416520 11.548928
56 4 -4 6 1 -7.207767 13.446838 12.498017
57 4 -6 6 2 -9.179428 11.518473 9.490153
58 4 -8 6 3 -10.221615 13.961881 13.195558
59 4 0 6 4 -2.401445 15.619534 12.649486
60 4 2 6 5 -1.116626 13.844033 13.808879
61 4 4 6 6 3.158681 15.844485 10.759645
62 4 6 6 7 3.402832 15.490507 12.085358
63 4 8 6 8 5.172957 18.535258 9.717177
64 6 -2 7 0 -7.181523 13.170393 11.938524
65 6 -4 7 1 -9.025144 8.015342 13.141476
66 6 -6 7 2 -10.761213 8.511568 14.218714
67 6 -8 7 3 -12.717723 -4.039880 14.231947
68 6 0 7 4 -3.389614 15.716910 13.143457
69 6 2 7 5 -1.994908 16.207691 12.861059
70 6 4 7 6 0.017529 15.895730 13.084965
71 6 6 7 7 1.660147 15.704998 12.668053
72 6 8 7 8 4.343685 14.917241 11.466535
73 8 -2 8 0 -7.907545 15.402762 14.066433
74 8 -4 8 1 -9.631573 11.276006 13.510825
75 8 -6 8 2 -12.994690 -6.533439 16.704485
76 8 -8 8 3 -14.652378 -31.804678 15.663195
77 8 0 8 4 -6.172951 13.001412 13.817675
78 8 2 8 5 -4.224388 17.523629 12.628540
79 8 4 8 6 -2.584093 15.748247 12.781824
80 8 6 8 7 -0.559038 15.768595 12.452607
81 8 8 8 8 0.763613 17.653269 12.089647

Time: 94.549659
s/p: 1.167280
1 -2 -2 0 0 -0.023981 15.677469 8.727131
2 -2 -4 0 1 -0.959931 15.861427 8.797725
3 -2 -6 0 2 -2.964656 18.740169 8.772449
4 -2 -8 0 3 -5.472331 15.444794 9.014889
5 -2 0 0 4 2.061220 19.136275 8.679803
6 -2 2 0 5 4.694634 19.674448 11.627592
7 -2 4 0 6 6.431016 14.197671 13.553437
8 -2 6 0 7 8.007842 -1.173205 6.646472
9 -2 8 0 8 10.244291 -36.541800 5.447951
10 -4 -2 1 0 4.447055 18.234695 8.561043
11 -4 -4 1 1 0.883013 16.547600 8.721891
12 -4 -6 1 2 -0.935403 18.462469 8.864810
13 -4 -8 1 3 -2.235533 19.410262 12.698997
14 -4 0 1 4 5.410889 15.723866 8.275778
15 -4 2 1 5 5.994890 13.648301 9.116240
16 -4 4 1 6 6.528450 9.539990 7.643972
17 -4 6 1 7 8.864467 -8.813367 6.494313
18 -4 8 1 8 11.329546 -33.915944 4.656160
19 -6 -2 2 0 5.645017 17.276297 8.396223
20 -6 -4 2 1 2.448738 16.585006 8.641247
21 -6 -6 2 2 4.355597 20.173483 7.819812
22 -6 -8 2 3 -0.348462 16.760173 12.967767
23 -6 0 2 4 7.103914 9.876985 5.311188
24 -6 2 2 5 6.491770 9.623766 7.657876
25 -6 4 2 6 8.778780 -6.554537 5.930571
26 -6 6 2 7 false detection

27 -6 8 2 8 false detection

28 -8 -2 3 0 7.702300 12.727613 11.060522
29 -8 -4 3 1 7.273127 19.614114 7.821500
30 -8 -6 3 2 5.313837 13.372801 7.972095
31 -8 -8 3 3 3.458279 19.305072 8.623310
32 -8 0 3 4 9.666608 -7.566765 7.423666
33 -8 2 3 5 12.311322 -0.473541 8.121486
34 -8 4 3 6 false detection

35 -8 6 3 7 false detection

36 -8 8 3 8 false detection

37 0 -2 4 0 -1.079034 16.990084 9.621842
38 0 -4 4 1 -2.435706 17.259492 8.899850
39 0 -6 4 2 -3.876278 17.782466 12.110232
40 0 -8 4 3 -5.999906 19.151081 8.539733
41 0 0 4 4 1.047478 15.677810 13.188582
42 0 2 4 5 0.313303 16.428438 8.839570
43 0 4 4 6 2.669934 17.044731 8.601916
44 0 6 4 7 7.554499 5.532578 8.495864
45 0 8 4 8 7.313728 3.928153 7.312803
46 2 -2 5 0 -1.388960 16.981661 9.075465
47 2 -4 5 1 -2.817191 19.188561 -1.110863
48 2 -6 5 2 -5.097305 18.788208 5.017982
49 2 -8 5 3 -6.157545 18.374634 10.801245
50 2 0 5 4 1.133686 16.869466 8.773818
51 2 2 5 5 1.154662 16.395423 13.267277
52 2 4 5 6 5.030194 19.308519 12.188197
53 2 6 5 7 7.313391 12.295164 7.558850
54 2 8 5 8 9.680767 -2.137424 6.631261
55 4 -2 6 0 -4.436387 19.232384 10.583443
56 4 -4 6 1 -6.182292 18.179635 9.404887
57 4 -6 6 2 -7.849499 18.709640 11.261431
58 4 -8 6 3 -13.055784 -8.519106 15.455507
59 4 0 6 4 -3.262221 15.619500 9.179340
60 4 2 6 5 -0.439421 19.032256 10.758383
61 4 4 6 6 0.713242 15.786377 12.504331
62 4 6 6 7 5.136259 19.631602 8.435732
63 4 8 6 8 3.726938 17.645098 8.462039
64 6 -2 7 0 -5.070478 18.526744 8.556848
65 6 -4 7 1 -8.246315 13.536268 9.286483
66 6 -6 7 2 -9.705955 12.903218 9.693475
67 6 -8 7 3 -12.055755 -0.206838 10.794663
68 6 0 7 4 -3.259378 18.681698 8.712928
69 6 2 7 5 -2.619837 17.618873 12.284638
70 6 4 7 6 -0.676846 15.641830 12.691485
71 6 6 7 7 2.965247 18.232500 8.682241
72 6 8 7 8 3.562969 19.066179 8.757411
73 8 -2 8 0 -7.236999 17.996423 9.343703
74 8 -4 8 1 -9.468402 13.903042 8.978648
75 8 -6 8 2 -12.282376 -0.601054 16.443519
76 8 -8 8 3 -13.463713 -11.330470 12.505921
77 8 0 8 4 -4.064681 17.308659 8.562412
78 8 2 8 5 -4.787709 18.559216 11.467135
79 8 4 8 6 -2.081419 18.543435 12.163757
80 8 6 8 7 0.281212 17.818999 12.764165
81 8 8 8 8 2.622316 17.072450 10.748666

Time: 59.598753
s/p: 0.735787
请按任意键继续. . .
请按任意键继续. . .