-2 -2 14 14 2.479426 3.395106 -5.222441
-2 -4 14 14 0.569251 1.948521 -1.282344
-2 -6 14 14 0.553866 1.494321 -5.331438
-2 -8 14 14 1.794181 3.440766 -1.361968
-2 0 14 14 0.801522 4.051290 -0.679274
-2 2 14 14 1.240073 0.462959 -0.065931
-2 4 14 14 1.091260 -7.000713 -0.022951
-2 6 14 14 0.523529 -17.588913 -1.436030
-2 8 14 14 -0.448677 -62.486331 -0.410419
-4 -2 14 14 0.263231 1.690976 -1.558184
-4 -4 14 14 0.690371 1.759182 -0.905878
-4 -6 14 14 1.147971 3.533949 -5.287518
-4 -8 14 14 0.685371 5.056571 -1.489810
-4 0 14 14 1.057503 -0.055745 -1.466585
-4 2 14 14 0.653488 -2.016474 0.127235
-4 4 14 14 3.117723 -38.329411 -1.624120
-4 6 14 14 0.024925 -33.573175 -1.211455
-6 -2 14 14 0.455585 0.567145 -1.575398
-6 -4 14 14 2.367266 0.654521 -5.457009
-6 -6 14 14 2.411807 4.421467 -5.374466
-6 -8 14 14 1.385945 2.936190 -5.266774
-6 0 14 14 0.764839 -6.163180 -0.179411
-6 2 14 14 2.051315 -38.396121 -4.510203
-6 4 14 14 -0.221475 -52.335692 -19.419462
-8 -2 14 14 -0.068193 -2.381126 -3.859923
-8 -4 14 14 0.384713 0.882912 -0.824296
-8 -6 14 14 0.597080 4.966470 -0.710424
-8 -8 14 14 2.496740 1.108877 -2.439531
-8 0 14 14 0.360562 -20.234670 -2.774595
-8 2 14 14 0.192863 -36.877155 0.816642
0 -2 14 14 0.194873 1.773556 -1.669029
0 -4 14 14 0.499054 1.798560 -1.348214
0 -6 14 14 0.100596 0.841581 -4.616758
0 -8 14 14 0.396194 3.772496 -1.514815
0 0 14 14 0.885543 1.903370 -0.866040
0 2 14 14 2.294505 2.166703 -3.088519
0 4 14 14 1.072750 -0.068448 -0.183724
0 6 14 14 0.772135 -2.429498 -3.536500
0 8 14 14 0.721927 -17.179622 -2.861370
2 -2 14 14 0.478524 1.467843 -1.898300
2 -4 14 14 1.665166 3.610719 -1.602225
2 -6 14 14 1.522326 4.807675 -1.411014
2 -8 14 14 0.746215 0.184884 -0.711820
2 0 14 14 1.411535 2.162540 -1.177490
2 2 14 14 1.543708 1.874088 -0.662721
2 4 14 14 1.749926 1.152558 -0.351599
2 6 14 14 1.290277 -0.291682 -2.628990
2 8 14 14 2.702357 -18.080513 1.832904
4 -2 14 14 0.666361 1.416520 -2.451072
4 -4 14 14 0.792233 -0.553162 -1.501983
4 -6 14 14 0.820572 -2.481527 -4.509847
4 -8 14 14 1.778385 -0.038119 -0.804442
4 0 14 14 1.598555 1.619534 -1.350514
4 2 14 14 0.883374 -0.155967 -0.191121
4 4 14 14 3.158681 1.844485 -3.240355
4 6 14 14 1.402832 1.490507 -1.914642
4 8 14 14 1.172957 4.535258 -4.282823
6 -2 14 14 0.818477 -0.829607 -2.061476
6 -4 14 14 0.974856 -5.984658 -0.858524
6 -6 14 14 1.238787 -5.488432 0.218714
6 -8 14 14 1.282277 -18.039880 0.231947
6 0 14 14 2.610386 1.716910 -0.856543
6 2 14 14 2.005092 2.207691 -1.138941
6 4 14 14 2.017529 1.895730 -0.915035
6 6 14 14 1.660147 1.704998 -1.331947
6 8 14 14 2.343685 0.917241 -2.533465
8 -2 14 14 2.092455 1.402762 0.066433
8 -4 14 14 2.368427 -2.723994 -0.489175
8 -6 14 14 1.005310 -20.533439 2.704485
8 -8 14 14 1.347622 -45.804678 1.663195
8 0 14 14 1.827049 -0.998588 -0.182325
8 2 14 14 1.775612 3.523629 -1.371460
8 4 14 14 1.415907 1.748247 -1.218176
8 6 14 14 1.440962 1.768595 -1.547393
8 8 14 14 0.763613 3.653269 -1.910353
